388.340 333.120 458.900 346.940
441.260 22.470 458.900 70.520
441.260 82.770 458.900 130.820
441.260 142.310 458.900 190.360
105.820 22.470 121.940 70.520
329.260 22.470 345.380 70.520
105.820 82.770 121.940 130.820
329.260 82.770 345.380 130.820
105.820 142.310 121.940 190.360
329.260 142.310 345.380 190.360
217.820 22.470 233.380 70.520
217.820 82.770 233.380 130.820
217.820 142.310 233.380 190.360
224.900 203.065 241.220 234.525
224.900 246.385 241.220 277.845
224.900 289.865 241.220 321.325
224.900 333.185 241.220 364.645
340.820 203.065 356.695 234.525
340.820 246.385 356.695 277.845
340.820 289.865 356.695 321.325
109.540 203.065 125.300 234.525
109.540 246.385 125.300 277.845
109.540 289.865 125.300 321.325
109.540 333.185 125.300 364.645
340.820 333.185 356.580 364.645
2.000 22.470 9.940 70.520
2.000 82.770 9.940 130.820
2.000 142.310 9.940 190.360
2.000 203.065 9.940 234.525
2.000 246.385 9.940 277.845
2.000 289.865 9.940 321.325
2.000 333.185 9.940 364.645
402.035 202.850 418.180 216.670
402.035 246.320 418.180 260.140
402.035 290.210 418.180 304.030
449.940 202.850 458.900 216.670
449.940 246.320 458.900 260.140
449.940 290.210 458.900 304.030
