140.445 375.600 416.240 390.740
199.870 22.020 216.160 69.870
199.870 81.940 216.160 129.790
199.870 141.860 216.160 189.710
96.830 22.020 112.560 69.870
96.830 81.940 112.560 129.790
96.830 141.860 112.560 189.710
303.470 22.020 319.200 69.870
303.470 81.940 319.200 129.790
303.470 141.860 319.200 189.710
406.510 22.020 416.240 69.870
406.510 81.940 416.240 129.790
406.510 141.860 416.240 189.710
340.550 202.130 356.720 233.590
340.550 245.810 356.720 277.270
340.550 288.930 356.720 320.390
340.550 332.610 356.720 364.070
109.270 202.130 125.440 233.590
109.270 245.810 125.440 277.270
109.270 288.930 125.440 320.390
109.270 332.610 125.440 364.070
225.190 202.130 240.800 233.590
225.190 245.810 240.800 277.270
225.190 288.930 240.800 320.390
225.190 332.610 240.800 364.070
2.000 22.020 9.520 69.870
2.000 81.940 9.520 129.790
2.000 141.860 9.520 189.710
389.645 332.480 416.240 347.620
2.000 202.130 9.520 233.590
2.000 245.810 9.520 277.270
2.000 288.930 9.520 320.390
2.000 332.610 9.520 364.070
91.165 375.600 107.520 390.740
42.445 375.600 58.240 390.740
2.000 375.600 9.520 390.740
