388.340 333.120 458.900 346.940
441.260 22.470 458.900 70.520
441.260 82.390 458.900 130.440
441.260 142.310 458.900 190.360
105.820 22.470 121.940 70.520
329.260 22.470 345.380 70.520
105.820 82.390 121.940 130.440
329.260 82.390 345.380 130.440
105.820 142.310 121.940 190.360
329.260 142.310 345.380 190.360
217.820 22.470 233.380 70.520
217.820 82.390 233.380 130.440
217.820 142.310 233.380 190.360
224.900 203.265 241.220 234.725
224.900 246.385 241.220 277.845
224.900 290.065 241.220 321.525
224.900 333.185 241.220 364.645
340.820 203.265 356.695 234.725
340.820 246.385 356.695 277.845
340.820 290.065 356.695 321.525
109.540 203.265 125.300 234.725
109.540 246.385 125.300 277.845
109.540 290.065 125.300 321.525
109.540 333.185 125.300 364.645
340.820 333.185 356.580 364.645
2.000 22.470 9.940 70.520
2.000 82.390 9.940 130.440
2.000 142.310 9.940 190.360
2.000 203.265 9.940 234.725
2.000 246.385 9.940 277.845
2.000 290.065 9.940 321.525
2.000 333.185 9.940 364.645
402.035 203.200 418.180 217.020
402.035 246.320 418.180 260.140
402.035 290.000 418.180 303.820
449.940 203.200 458.900 217.020
449.940 246.320 458.900 260.140
449.940 290.000 458.900 303.820
